8 0.501664106502816 0.14573732718894014 0.9966717869943676 0.2891705069124424
7 0.4959037378392217 0.6526497695852534 0.9892473118279571 0.06336405529953917
7 0.3361495135688682 0.841589861751152 0.6656426011264721 0.30069124423963134
30 0.8338453661034306 0.8392857142857143 0.3010752688172043 0.29838709677419356
9 0.46777696936743574 0.6008684708311061 0.4342844712712051 0.02258596246574698
34 0.5943992462709217 0.5410354825446536 0.0873499990878012 0.01783102299927393
6 0.5939776311630619 0.4431616414365747 0.11762583117326048 0.05976151099931783
6 0.7737364618673593 0.4124805085574606 0.13375195318894942 0.04535471816912514
7 0.9255117278973731 0.5826940979215891 0.1318547623635742 0.06349660543677518
8 0.5825944862108112 0.3321759781521274 0.5312134311050473 0.06403019035641196
8 0.15952093215214852 0.31616843056302435 0.2978589595839016 0.03628377453530011
8 0.6233840889563775 0.38873597963362455 0.15746683850613902 0.03735094437457364
8 0.024346085844167503 0.3636574884106965 0.036995221094815796 0.043753963410214834
5 0.07319874959757815 0.5239997567615448 0.034149434856753036 0.05282490704403986
7 0.060867009232639505 0.5877631546581383 0.1100370678717598 0.05762717132077076
11 0.7068604852728848 0.5063914544135315 0.08157920549113226 0.041086038812031
11 0.8097830875494877 0.5157291905071749 0.07873341925306951 0.0458883030887619
11 0.6366644247340036 0.5050574921144396 0.056915724761255074 0.02774641582111185
