4 0.2732918654217496 0.6452715200553194 0.3832585299583853 0.09620475721471683
30 0.8348803531259387 0.8395047419176933 0.3042712666834898 0.3018092502957048
34 0.5835848873382353 0.8528760378168702 0.18201941846244477 0.07640740513815313
34 0.8831019154797951 0.6595653028173428 0.13176032530490406 0.045844443082891886
9 0.12848104092707363 0.9032503863605138 0.09476572243546291 0.06853592426136158
9 0.22550309008719027 0.9569187291683524 0.08509575075837486 0.07868939452230403
8 0.46917375259922506 0.14912953371411158 0.920810904638428 0.2916969233510652
8 0.12115849634936937 0.3764978579991624 0.2050628138809347 0.13863922212503096
7 0.03341527310223885 0.6770676915662296 0.04929394564445546 0.11202049147702503
9 0.05899537379181646 0.8609001113158876 0.08170336680013271 0.06363435298856492
34 0.49579414245406456 0.7159551961752676 0.2807243884927637 0.03063876255004977
