8 0.5030721966205837 0.08179723502304151 0.9585253456221198 0.14976958525345624
8 0.3678955453149002 0.22465437788018433 0.675883256528418 0.10599078341013828
6 0.3955453149001536 0.391705069124424 0.6533538146441372 0.06221198156682027
11 0.5596604532914319 0.4957049225257953 0.309152045621109 0.127572731940473
34 0.15738268900986577 0.5669746051741043 0.2749425979499207 0.08623631600445382
7 0.853608299947568 0.6314736679708237 0.27620961453033505 0.10405373666653105
30 0.8339695429511454 0.839581141303886 0.30535099587986586 0.29790727346993134
7 0.2581105071528092 0.8303160825596057 0.1343037575239244 0.10405373666653105
9 0.08072818589479587 0.9008730683814316 0.14190585700641065 0.07839665091313983
9 0.44436194447372324 0.7615408388039876 0.10896342591563678 0.06200462390402877
9 0.5526918620991529 0.8980222810754993 0.22172790157251673 0.1810249939267047
7 0.3398330765895368 0.9461293168631077 0.17104723835594143 0.07910934773962293
