8 0.4969278033794164 0.07258064516129033 0.9749103942652331 0.14055299539170507
8 0.6515616999487968 0.19182027649769584 0.6738351254480287 0.08410138248847926
8 0.7832821300563236 0.27131336405529954 0.4334357398873528 0.04953917050691245
6 0.8758320532514081 0.35023041474654376 0.24167946748591906 0.06912442396313365
11 0.4672299027137737 0.4602534562211982 0.5591397849462366 0.2868663594470046
34 0.12211981566820276 0.565668202764977 0.10240655401945722 0.057603686635944694
9 0.35867895545314904 0.793778801843318 0.5591397849462366 0.059907834101382486
34 0.8307731694828469 0.5587557603686636 0.10240655401945722 0.057603686635944694
7 0.3433179723502303 0.9199308755760369 0.6635944700460829 0.1324884792626728
30 0.8297491039426521 0.8398617511520737 0.3010752688172043 0.2995391705069125
11 0.9427571790511042 0.4323933280719642 0.10114656257831493 0.07098818382789993
11 0.810524287606977 0.4535331916383608 0.11877761477086524 0.057938885330124215
