18 0.5109213803406556 0.7106007291496266 0.2523359655357781 0.12022154095710741
16 0.5060952826391515 0.8692156009285199 0.20683275863588363 0.051191107762381206
5 0.35303904124859764 0.49963131534102534 0.05791317241804742 0.08454289009241744
5 0.2965047538881229 0.4876091612453146 0.04136655172717673 0.03878114224422819
5 0.06967816191743725 0.49614101253904475 0.08686975862707114 0.06825481034984161
5 0.14551684008392762 0.48799697266775693 0.03171435632416883 0.05506922198680402
5 0.41853608148329424 0.4876091612453146 0.02895658620902371 0.03567865086468993
7 0.1744734262929515 0.7253375632024334 0.3267957586446962 0.33894718321455425
16 0.4421792490347031 0.5314752923691234 0.04183062658719626 0.013622473789909308
16 0.42723973953927596 0.564469985379748 0.016354831447625607 0.008845762201239811
34 0.6884272203347793 0.6188574117481896 0.12650421772794093 0.016885096857754824
8 0.5008150330263924 0.03270333511470067 0.994880627555332 0.06030391734912439
8 0.39360806885017136 0.12617440700584345 0.776178420635841 0.1073409728814414
