1 0.5081925243215568 0.4470046082949309 0.32565284178187404 0.23732718894009217
9 0.27099334357398874 0.7217741935483871 0.5419866871479775 0.06105990783410138
34 0.8389656938044036 0.5385944700460831 0.30312339989759346 0.11405529953917053
34 0.2214541730670763 0.5650921658986174 0.22324628776241678 0.06797235023041474
8 0.7908346134152585 0.10599078341013825 0.40348182283666156 0.20276497695852536
8 0.39349718381976445 0.08352534562211983 0.2805939580133128 0.14170506912442396
8 0.8799283154121863 0.24596774193548385 0.23348694316436253 0.06336405529953917
9 0.06730914838584216 0.45302168138672283 0.03484585497394029 0.015024396720592097
9 0.12088273158366236 0.45673460701307605 0.054494619012109266 0.01606056201166741
9 0.1779101990850668 0.4593681937945592 0.047893862343036865 0.01390188432192717
9 0.028241879263076475 0.4509061772507774 0.040525575828723515 0.012002247954955757
30 0.8338561749550955 0.8400661374135298 0.3064229951401243 0.3030433297525494
7 0.33917330044783606 0.88174867719362 0.666920636481447 0.22193136045075176
