0 0.5092165898617511 0.45334101382488473 0.6594982078853047 0.1347926267281106
0 0.48771121351766517 0.5443548387096775 0.35023041474654376 0.03571428571428571
0 0.5921658986175116 0.5979262672811061 0.08397337429595493 0.06451612903225806
6 0.782258064516129 0.2972350230414747 0.43548387096774194 0.16129032258064516
6 0.9256272401433693 0.4844470046082949 0.14874551971326166 0.20622119815668202
6 0.9829749103942653 0.10714285714285714 0.034050179211469536 0.2096774193548387
6 0.9331797235023042 0.11405529953917053 0.061443932411674354 0.1912442396313364
6 0.8133640552995393 0.17338709677419353 0.14541730670762928 0.07488479262672812
6 0.8246287762416795 0.09274193548387097 0.12288786482334871 0.0771889400921659
6 0.6699948796722991 0.1797235023041475 0.10855094726062467 0.06221198156682028
5 0.11904761904761905 0.5236175115207373 0.06349206349206349 0.038018433179723504
4 0.014976958525345621 0.5754608294930875 0.029953917050691243 0.097926267281106
