1 0.614695340501792 0.564516129032258 0.24782386072708654 0.21889400921658986
30 0.8317972350230414 0.8392857142857141 0.3051715309779826 0.3029953917050691
34 0.8717357910906297 0.623847926267281 0.23348694316436253 0.11866359447004608
34 0.3730158730158728 0.646889400921659 0.21095750128008192 0.04953917050691244
7 0.14055299539170507 0.8991935483870965 0.27035330261136714 0.1877880184331797
7 0.4303635432667693 0.9216589861751153 0.23963133640552994 0.1382488479262673
9 0.1395289298515105 0.7465437788018432 0.16180235535074244 0.05760368663594471
9 0.3535586277521761 0.7753456221198156 0.17613927291346645 0.04377880184331797
4 0.1306963645673323 0.5201612903225806 0.2613927291346646 0.08179723502304147
8 0.3934213716399933 0.08989957870022117 0.7794902622534374 0.17173144840271043
8 0.9141641718398593 0.15932293018216795 0.15806330317916925 0.308142244297062
