8 0.23783922171018948 0.10426267281105997 0.4690220174091142 0.20391705069124427
5 0.2635355934972438 0.6018147595413065 0.03505223457128099 0.0694505095423515
5 0.18767627987282975 0.6015204777212115 0.0831836611467713 0.05355929125723719
5 0.785395354465196 0.6383057052330503 0.07428981058390896 0.10064438247239076
4 0.7137213822821289 0.6210902187575097 0.06278012162020476 0.04208230027354351
4 0.39040375593807436 0.6141745959852842 0.17892334661758355 0.07239332774329861
30 0.8325887110736997 0.8400242649583376 0.3022386664302311 0.30199011489533784
34 0.2281113782132374 0.7997589163056259 0.4427531341565667 0.21102025312439657
11 0.5449317346905411 0.6125996105309846 0.11135108763219043 0.3720816477352435
6 0.9426141905197926 0.6084985102052453 0.1086998712599954 0.08351331572414283
11 0.7020163047430956 0.3337247883807218 0.21342291796169835 0.17970275972784303
11 0.3301832085427454 0.49553183759624847 0.2995874500580361 0.09917206242241959
11 0.4322550388722532 0.4205935498259239 0.06362919293268024 0.038774039443352025
11 0.6489919772991954 0.47465350866521283 0.06230358474658274 0.09320682558498082
11 0.7690547748429648 0.19529150521007246 0.16881132625640097 0.08557796400498105
13 0.5700241370962205 0.9303241549514849 0.18756814028488997 0.13246999907620355
11 0.5502252778439265 0.37875659242623044 0.0729431656663461 0.08440566312820048
