25 0.5178952433222154 0.38407957623159084 0.050067945250614344 0.02011658514533612
25 0.8904787839534106 0.3169633330648785 0.05136841136101992 0.024871414361506475
25 0.5022896499973485 0.43693133174979215 0.04356561469858651 0.02267687780019708
25 0.7015860814170019 0.2935549430775783 0.031211186649733616 0.011704194993650108
25 0.7620577555508606 0.3001385527615065 0.048117246085006 0.019019316864681425
2 0.46034961793676915 0.3531731863264836 0.05852097496825053 0.026334438735712742
2 0.4083309735205463 0.37200962514438923 0.04681677997460043 0.017190536396923594
2 0.29714112108087043 0.3304963085262865 0.05461957663703383 0.018287804677578293
2 0.16546892740230668 0.3193407476729638 0.0396642163673698 0.017190536396923594
2 0.14271077047020916 0.2648430897337804 0.042265148588180944 0.007680877964582883
